-0.635714286	30.47160588
-0.271428571	30.64806483
0.092857143	31.2203355
0.457142857	31.32878921
0.821428571	31.59711609
1.185714286	31.97730289
1.54999884	32.32436568
1.914285714	32.54639029
2.278571429	32.76902213
2.642857143	33.13570241
3.007142857	33.2904014
3.371428571	33.47331156
3.735714286	33.62658796
4.100545	34.15010707
4.464285714	34.39598618
4.828571429	34.68430649
5.192857143	34.86900066
5.557142857	35.1493208
5.921428571	35.44420661
6.285714286	35.57997072
6.649999978	35.86044586
7.014285714	35.93671852
7.378571429	36.08290007
7.742857143	36.31618003
8.107142857	36.43785557
8.471428571	36.64343219
8.835714286	36.78776616
9.200483	36.94076039
9.564285714	37.0935211
9.928571429	37.20737759
10.29285714	37.33571429
10.65714286	37.45579031
11.02142857	37.57431937
11.38571429	37.67588232
11.75000457	37.76026059
12.11428571	37.86915756
12.47857143	37.91107729
12.84285714	38.0592765
13.20714286	38.06663315
13.57142857	38.19264627
13.93571429	38.17112249
14.29999999	38.31436782
14.66428571	38.3091182
15.02857143	38.41401731
15.39285714	38.38730412
15.75714286	38.48918029
16.12142857	38.58381314
16.48571429	38.56450733
16.84999978	38.64923089
17.21428571	38.59236805
17.57857143	38.67336835
17.94285714	38.60013333
18.30714286	38.71926252
18.67142857	38.58854212
19.03571429	38.48297707
19.40078679	38.59451032
19.76428571	38.49411833
20.12857143	38.5558555
20.49285714	38.35499529
20.85714286	38.5061309
21.22142857	38.66923212
21.58571429	38.4536506
21.95007833	38.53700575
22.31428571	38.22663198
22.67857143	38.16450581
23.04285714	38.02606819
23.40714286	37.66580598
23.77142857	37.81764508
24.13571429	37.60179937
24.50078378	37.67090078
24.86428571	37.51615008
25.22857143	37.42269142
25.59285714	37.48254635
25.95714286	37.50324458
26.32142857	37.47325246
26.68571429	36.99649212
27.04999979	36.96056131
27.41428571	36.82451777
27.77857143	36.69503425
28.14285714	36.60256695
28.50714286	36.47868276
28.87142857	36.41552041
29.23571429	36.30229613
29.59999987	36.25125883
29.96428571	36.17857143
30.32857143	36.10703405
30.69285714	36.06089494
31.05714286	35.99175188
31.42142857	36.09285714
31.78571429	36.05304692
32.15078679	36.02718585
32.51428571	35.98608767
32.87857143	35.95825109
33.24285714	35.93565926
33.60714286	35.84330774
33.97142857	35.91701526
34.33571429	35.89192072
34.69999868	35.89780122
35.06428571	35.8519583
35.42857143	35.82957811
35.79285714	35.68008171
36.15714286	35.76592683
36.52142857	35.79285714
36.88571429	35.76679473
37.25007868	35.67332416
37.61428571	35.70979756
37.97857143	35.68040468
38.34285714	35.64778128
38.70714286	35.54735385
39.07142857	35.5804714
39.43571429	35.35688669
39.80786786	35.50209263
40.16428571	35.49622536
40.52857143	35.24255359
40.89285714	35.4988895
41.25714286	35.35389903
41.62142857	35.12399821
41.98571429	35.28569065
42.35078638	34.79986803
42.71428571	35.22312864
43.07857143	35.12545756
43.44285714	35.1601256
43.80714286	35.22874825
44.17142857	35.14118136
44.53571429	35.09791495
44.90786379	35.0153811
45.26428571	34.93337383
45.62857143	35.08772658
45.99285714	34.87202422
46.35714286	35.06500166
46.72142857	35.03083156
47.08571429	35.04615359
47.44999868	35.08976743
47.81428571	34.83403383
48.17857143	35.04593477
48.54285714	34.72443679
48.90714286	35.03420038
49.27142857	34.80154146
49.63571429	35.00357557
50.07863768	34.99419019
50.64775428	34.51612903
51.25951191	34.03225806
51.78315588	33.5483871
51.58917546	33.06451613
51.49849387	32.58064516
51.16255532	32.09677419
50.86356728	31.61290323
50.63002845	31.12903226
50.45179942	30.64516129
50.30376329	30.16129032
49.80053129	29.67741935
49.40262683	29.19354839
49.17018506	28.70967742
48.7643207	28.22580645
48.30175052	27.74193548
48.19802967	27.25806452
48.28337077	26.77419355
48.31756387	26.29032258
48.47212367	25.80645161
48.50811742	25.32258065
48.42973542	24.83870968
48.47884051	24.35483871
48.10551027	23.87096774
47.93453643	23.38709677
47.675684	22.90322581
47.59032258	22.41935484
47.47895026	21.93548387
47.32667856	21.4516129
47.15498178	20.96774194
47.14356718	20.48387097
47.13384601	20.07878678
47.12078183	19.51612903
47.0098551	19.03225806
46.98216539	18.5483871
46.87463511	18.06451613
46.67624382	17.58064516
46.56620342	17.09677419
46.45482621	16.61290323
46.34314302	16.12903226
46.34031813	15.64516129
46.20806776	15.16129032
46.13282918	14.67741935
46.02760809	14.19354839
45.73934441	13.70967742
46.01402078	13.22580645
45.58494358	12.74193548
45.88389854	12.25806452
45.47600215	11.77419355
45.76521299	11.29032258
45.26637203	10.80645161
45.5804983	10.32258065
45.45697894	9.838709677
45.54599745	9.35483871
45.24739159	8.870967742
45.24141241	8.387096774
45.36409043	7.903225806
45.13160452	7.419354839
45.26118789	6.935483871
45.1205712	6.451612903
45.14007256	5.967741935
44.83730853	5.502541955
44.84689241	4.99960028
45.28571429	4.658025955
45.57142857	4.316613765
45.85714286	3.989494411
46.14285714	3.607561046
46.42857143	3.448727136
46.71428571	3.382671003
47.07485638	3.221471649
47.28571429	3.17925324
47.57142857	3.126151562
47.85714286	3.180695132
48.14285714	3.165537112
48.42857143	3.147254206
48.71428571	3.132944791
49.00743874	3.161759159
49.28571429	3.252684218
49.57142857	3.253670573
49.85714286	3.307088808
50.14285714	3.336678193
50.42857143	3.409195838
50.71428571	3.444996204
51.07483784	3.513253916
51.28571429	3.583136825
51.57142857	3.673775885
51.85714286	3.831560044
52.14285714	4.016238823
52.42857143	4.183896324
52.71428571	4.250146292
53.07483784	4.234852928
53.28571429	4.30952381
53.57142857	4.357698974
53.85714286	4.375811543
54.14285714	4.381127304
54.42857143	4.440326352
54.71428571	4.494777865
55.07483784	4.533940523
55.28571429	4.441831129
55.57142857	4.331411024
55.85714286	4.341353038
56.14285714	4.32308646
56.42857143	4.332222932
56.71428571	4.322185293
57.07483784	4.316234358
57.28571429	4.308569862
57.57142857	4.292884816
57.85714286	4.161165963
58.14285714	4.269570887
58.42857143	4.159077541
58.71428571	4.234041226
59.07478678	4.228570226
59.28571429	4.093767938
59.57142857	4.191978637
59.85714286	4.147266025
60.14285714	4.102460412
60.42857143	4.031603863
60.71428571	4.055126425
61.07483784	3.986894874
61.28571429	3.929388082
61.57142857	3.880429045
61.85714286	3.641824822
62.14285714	3.795777366
62.42857143	3.744969952
62.71428571	3.605064487
63.07483784	3.65450759
63.28571429	3.616533717
63.57142857	3.49229372
63.85714286	3.537642565
64.14285714	3.502781246
64.42857143	3.466017129
64.71428571	3.443166707
65.07486379	3.297681436
65.28571429	3.37223858
65.57142857	3.320172577
65.85714286	3.301646718
66.14285714	3.267687877
66.42857143	3.140070507
66.71428571	3.207602758
67.03004505	3.178283233
67.28571429	3.148425634
67.57142857	3.119047619
67.85714286	3.097933878
68.14285714	3.076230126
68.42857143	2.955505908
68.71428571	3.034390991
69.00045345	3.012528152
69.28571429	2.798908489
69.57142857	2.969182942
69.85714286	2.94775558
70.14285714	2.792532835
70.42857143	2.90722427
70.71428571	2.788262874
71.00453784	2.865472774
71.28571429	2.841883677
71.57142857	2.781075762
71.85714286	2.80222217
72.14285714	2.678078182
72.42857143	2.765020841
72.71428571	2.750621584
73.04507478	2.467281312
73.28571429	2.704697411
73.57142857	2.469057256
73.85714286	2.671819382
74.14285714	2.565194169
74.42857143	2.61155021
74.71428571	2.561418215
75.04523784	2.594404028
75.28571429	2.457786151
75.57142857	2.56747434
75.85714286	2.354421554
76.14285714	2.522744444
76.42857143	2.351093247
76.71428571	2.49821189
77.04578378	2.481280338
77.28571429	2.45503634
77.57142857	2.453297156
77.85714286	2.342246217
78.14285714	2.342801686
78.42857143	2.342173299
78.71428571	2.240236737
79.07483279	2.1366614
79.28571429	2.138329917
79.57142857	2.135634123
79.85714286	2.136587796
80.14285714	2.136094426
80.42857143	2.034917726
80.71428571	2.034617993
81.07483278	2.033103933
